"Pressure","vtkValidPointMask","arc_length","Points:0","Points:1","Points:2"
0.54257,1,0,0,0.15,0
0.54257,1,0.00033333,0.00033333,0.15,0
0.54257,1,0.00066667,0.00066667,0.15,0
0.54257,1,0.001,0.001,0.15,0
0.54257,1,0.0013333,0.0013333,0.15,0
0.54257,1,0.0016667,0.0016667,0.15,0
0.54257,1,0.002,0.002,0.15,0
0.54257,1,0.0023333,0.0023333,0.15,0
0.54257,1,0.0026667,0.0026667,0.15,0
0.54257,1,0.003,0.003,0.15,0
0.54257,1,0.0033333,0.0033333,0.15,0
0.54257,1,0.0036667,0.0036667,0.15,0
0.54257,1,0.004,0.004,0.15,0
0.54257,1,0.0043333,0.0043333,0.15,0
0.54257,1,0.0046667,0.0046667,0.15,0
0.54257,1,0.005,0.005,0.15,0
0.54257,1,0.0053333,0.0053333,0.15,0
0.54257,1,0.0056667,0.0056667,0.15,0
0.54257,1,0.006,0.006,0.15,0
0.54257,1,0.0063333,0.0063333,0.15,0
0.54257,1,0.0066667,0.0066667,0.15,0
0.54257,1,0.007,0.007,0.15,0
0.54257,1,0.0073333,0.0073333,0.15,0
0.54257,1,0.0076667,0.0076667,0.15,0
0.54257,1,0.008,0.008,0.15,0
0.54257,1,0.0083333,0.0083333,0.15,0
0.54257,1,0.0086667,0.0086667,0.15,0
0.54257,1,0.009,0.009,0.15,0
0.54257,1,0.0093333,0.0093333,0.15,0
0.54257,1,0.0096667,0.0096667,0.15,0
0.54257,1,0.01,0.01,0.15,0
0.54257,1,0.010333,0.010333,0.15,0
0.54257,1,0.010667,0.010667,0.15,0
0.54257,1,0.011,0.011,0.15,0
0.54257,1,0.011333,0.011333,0.15,0
0.54257,1,0.011667,0.011667,0.15,0
0.54257,1,0.012,0.012,0.15,0
0.54257,1,0.012333,0.012333,0.15,0
0.54257,1,0.012667,0.012667,0.15,0
0.54257,1,0.013,0.013,0.15,0
0.54257,1,0.013333,0.013333,0.15,0
0.54257,1,0.013667,0.013667,0.15,0
0.54257,1,0.014,0.014,0.15,0
0.54257,1,0.014333,0.014333,0.15,0
0.54257,1,0.014667,0.014667,0.15,0
0.54257,1,0.015,0.015,0.15,0
0.54257,1,0.015333,0.015333,0.15,0
0.54257,1,0.015667,0.015667,0.15,0
0.54257,1,0.016,0.016,0.15,0
0.54257,1,0.016333,0.016333,0.15,0
0.45426,1,0.016667,0.016667,0.15,0
0.42819,1,0.017,0.017,0.15,0
0.42819,1,0.017333,0.017333,0.15,0
0.42819,1,0.017667,0.017667,0.15,0
0.42819,1,0.018,0.018,0.15,0
0.42819,1,0.018333,0.018333,0.15,0
0.42819,1,0.018667,0.018667,0.15,0
0.42819,1,0.019,0.019,0.15,0
0.42819,1,0.019333,0.019333,0.15,0
0.42819,1,0.019667,0.019667,0.15,0
0.42819,1,0.02,0.02,0.15,0
0.42819,1,0.020333,0.020333,0.15,0
0.42819,1,0.020667,0.020667,0.15,0
0.42819,1,0.021,0.021,0.15,0
0.42819,1,0.021333,0.021333,0.15,0
0.42819,1,0.021667,0.021667,0.15,0
0.42819,1,0.022,0.022,0.15,0
0.42819,1,0.022333,0.022333,0.15,0
0.42819,1,0.022667,0.022667,0.15,0
0.42819,1,0.023,0.023,0.15,0
0.42819,1,0.023333,0.023333,0.15,0
0.42819,1,0.023667,0.023667,0.15,0
0.42819,1,0.024,0.024,0.15,0
0.42819,1,0.024333,0.024333,0.15,0
0.42819,1,0.024667,0.024667,0.15,0
0.42819,1,0.025,0.025,0.15,0
0.42819,1,0.025333,0.025333,0.15,0
0.42819,1,0.025667,0.025667,0.15,0
0.42819,1,0.026,0.026,0.15,0
0.42819,1,0.026333,0.026333,0.15,0
0.42819,1,0.026667,0.026667,0.15,0
0.42819,1,0.027,0.027,0.15,0
0.42819,1,0.027333,0.027333,0.15,0
0.42819,1,0.027667,0.027667,0.15,0
0.42819,1,0.028,0.028,0.15,0
0.42819,1,0.028333,0.028333,0.15,0
0.42819,1,0.028667,0.028667,0.15,0
0.42819,1,0.029,0.029,0.15,0
0.42819,1,0.029333,0.029333,0.15,0
0.42819,1,0.029667,0.029667,0.15,0
0.42819,1,0.03,0.03,0.15,0
0.42819,1,0.030333,0.030333,0.15,0
0.42819,1,0.030667,0.030667,0.15,0
0.42819,1,0.031,0.031,0.15,0
0.42819,1,0.031333,0.031333,0.15,0
0.42819,1,0.031667,0.031667,0.15,0
0.42819,1,0.032,0.032,0.15,0
0.42819,1,0.032333,0.032333,0.15,0
0.42819,1,0.032667,0.032667,0.15,0
0.42819,1,0.033,0.033,0.15,0
0.36127,1,0.033333,0.033333,0.15,0
0.36127,1,0.033667,0.033667,0.15,0
0.36127,1,0.034,0.034,0.15,0
0.36127,1,0.034333,0.034333,0.15,0
0.36127,1,0.034667,0.034667,0.15,0
0.36127,1,0.035,0.035,0.15,0
0.36127,1,0.035333,0.035333,0.15,0
0.36127,1,0.035667,0.035667,0.15,0
0.36127,1,0.036,0.036,0.15,0
0.36127,1,0.036333,0.036333,0.15,0
0.36127,1,0.036667,0.036667,0.15,0
0.36127,1,0.037,0.037,0.15,0
0.36127,1,0.037333,0.037333,0.15,0
0.36127,1,0.037667,0.037667,0.15,0
0.36127,1,0.038,0.038,0.15,0
0.36127,1,0.038333,0.038333,0.15,0
0.36127,1,0.038667,0.038667,0.15,0
0.36127,1,0.039,0.039,0.15,0
0.36127,1,0.039333,0.039333,0.15,0
0.36127,1,0.039667,0.039667,0.15,0
0.36127,1,0.04,0.04,0.15,0
0.36127,1,0.040333,0.040333,0.15,0
0.36127,1,0.040667,0.040667,0.15,0
0.36127,1,0.041,0.041,0.15,0
0.36127,1,0.041333,0.041333,0.15,0
0.36127,1,0.041667,0.041667,0.15,0
0.36127,1,0.042,0.042,0.15,0
0.36127,1,0.042333,0.042333,0.15,0
0.36127,1,0.042667,0.042667,0.15,0
0.36127,1,0.043,0.043,0.15,0
0.36127,1,0.043333,0.043333,0.15,0
0.36127,1,0.043667,0.043667,0.15,0
0.36127,1,0.044,0.044,0.15,0
0.36127,1,0.044333,0.044333,0.15,0
0.36127,1,0.044667,0.044667,0.15,0
0.36127,1,0.045,0.045,0.15,0
0.36127,1,0.045333,0.045333,0.15,0
0.36127,1,0.045667,0.045667,0.15,0
0.36127,1,0.046,0.046,0.15,0
0.36127,1,0.046333,0.046333,0.15,0
0.36127,1,0.046667,0.046667,0.15,0
0.36127,1,0.047,0.047,0.15,0
0.36127,1,0.047333,0.047333,0.15,0
0.36127,1,0.047667,0.047667,0.15,0
0.36127,1,0.048,0.048,0.15,0
0.36127,1,0.048333,0.048333,0.15,0
0.36127,1,0.048667,0.048667,0.15,0
0.36127,1,0.049,0.049,0.15,0
0.36127,1,0.049333,0.049333,0.15,0
0.36127,1,0.049667,0.049667,0.15,0
0.26972,1,0.05,0.05,0.15,0
0.25436,1,0.050333,0.050333,0.15,0
0.25436,1,0.050667,0.050667,0.15,0
0.25436,1,0.051,0.051,0.15,0
0.25436,1,0.051333,0.051333,0.15,0
0.25436,1,0.051667,0.051667,0.15,0
0.25436,1,0.052,0.052,0.15,0
0.25436,1,0.052333,0.052333,0.15,0
0.25436,1,0.052667,0.052667,0.15,0
0.25436,1,0.053,0.053,0.15,0
0.25436,1,0.053333,0.053333,0.15,0
0.25436,1,0.053667,0.053667,0.15,0
0.25436,1,0.054,0.054,0.15,0
0.25436,1,0.054333,0.054333,0.15,0
0.25436,1,0.054667,0.054667,0.15,0
0.25436,1,0.055,0.055,0.15,0
0.25436,1,0.055333,0.055333,0.15,0
0.25436,1,0.055667,0.055667,0.15,0
0.25436,1,0.056,0.056,0.15,0
0.25436,1,0.056333,0.056333,0.15,0
0.25436,1,0.056667,0.056667,0.15,0
0.25436,1,0.057,0.057,0.15,0
0.25436,1,0.057333,0.057333,0.15,0
0.25436,1,0.057667,0.057667,0.15,0
0.25436,1,0.058,0.058,0.15,0
0.25436,1,0.058333,0.058333,0.15,0
0.25436,1,0.058667,0.058667,0.15,0
0.25436,1,0.059,0.059,0.15,0
0.25436,1,0.059333,0.059333,0.15,0
0.25436,1,0.059667,0.059667,0.15,0
0.25436,1,0.06,0.06,0.15,0
0.25436,1,0.060333,0.060333,0.15,0
0.25436,1,0.060667,0.060667,0.15,0
0.25436,1,0.061,0.061,0.15,0
0.25436,1,0.061333,0.061333,0.15,0
0.25436,1,0.061667,0.061667,0.15,0
0.25436,1,0.062,0.062,0.15,0
0.25436,1,0.062333,0.062333,0.15,0
0.25436,1,0.062667,0.062667,0.15,0
0.25436,1,0.063,0.063,0.15,0
0.25436,1,0.063333,0.063333,0.15,0
0.25436,1,0.063667,0.063667,0.15,0
0.25436,1,0.064,0.064,0.15,0
0.25436,1,0.064333,0.064333,0.15,0
0.25436,1,0.064667,0.064667,0.15,0
0.25436,1,0.065,0.065,0.15,0
0.25436,1,0.065333,0.065333,0.15,0
0.25436,1,0.065667,0.065667,0.15,0
0.25436,1,0.066,0.066,0.15,0
0.25436,1,0.066333,0.066333,0.15,0
0.19114,1,0.066667,0.066667,0.15,0
0.19114,1,0.067,0.067,0.15,0
0.19114,1,0.067333,0.067333,0.15,0
0.19114,1,0.067667,0.067667,0.15,0
0.19114,1,0.068,0.068,0.15,0
0.19114,1,0.068333,0.068333,0.15,0
0.19114,1,0.068667,0.068667,0.15,0
0.19114,1,0.069,0.069,0.15,0
0.19114,1,0.069333,0.069333,0.15,0
0.19114,1,0.069667,0.069667,0.15,0
0.19114,1,0.07,0.07,0.15,0
0.19114,1,0.070333,0.070333,0.15,0
0.19114,1,0.070667,0.070667,0.15,0
0.19114,1,0.071,0.071,0.15,0
0.19114,1,0.071333,0.071333,0.15,0
0.19114,1,0.071667,0.071667,0.15,0
0.19114,1,0.072,0.072,0.15,0
0.19114,1,0.072333,0.072333,0.15,0
0.19114,1,0.072667,0.072667,0.15,0
0.19114,1,0.073,0.073,0.15,0
0.19114,1,0.073333,0.073333,0.15,0
0.19114,1,0.073667,0.073667,0.15,0
0.19114,1,0.074,0.074,0.15,0
0.19114,1,0.074333,0.074333,0.15,0
0.19114,1,0.074667,0.074667,0.15,0
0.19114,1,0.075,0.075,0.15,0
0.19114,1,0.075333,0.075333,0.15,0
0.19114,1,0.075667,0.075667,0.15,0
0.19114,1,0.076,0.076,0.15,0
0.19114,1,0.076333,0.076333,0.15,0
0.19114,1,0.076667,0.076667,0.15,0
0.19114,1,0.077,0.077,0.15,0
0.19114,1,0.077333,0.077333,0.15,0
0.19114,1,0.077667,0.077667,0.15,0
0.19114,1,0.078,0.078,0.15,0
0.19114,1,0.078333,0.078333,0.15,0
0.19114,1,0.078667,0.078667,0.15,0
0.19114,1,0.079,0.079,0.15,0
0.19114,1,0.079333,0.079333,0.15,0
0.19114,1,0.079667,0.079667,0.15,0
0.19114,1,0.08,0.08,0.15,0
0.19114,1,0.080333,0.080333,0.15,0
0.19114,1,0.080667,0.080667,0.15,0
0.19114,1,0.081,0.081,0.15,0
0.19114,1,0.081333,0.081333,0.15,0
0.19114,1,0.081667,0.081667,0.15,0
0.19114,1,0.082,0.082,0.15,0
0.19114,1,0.082333,0.082333,0.15,0
0.19114,1,0.082667,0.082667,0.15,0
0.19114,1,0.083,0.083,0.15,0
0.090109,1,0.083333,0.083333,0.15,0
0.081744,1,0.083667,0.083667,0.15,0
0.081744,1,0.084,0.084,0.15,0
0.081744,1,0.084333,0.084333,0.15,0
0.081744,1,0.084667,0.084667,0.15,0
0.081744,1,0.085,0.085,0.15,0
0.081744,1,0.085333,0.085333,0.15,0
0.081744,1,0.085667,0.085667,0.15,0
0.081744,1,0.086,0.086,0.15,0
0.081744,1,0.086333,0.086333,0.15,0
0.081744,1,0.086667,0.086667,0.15,0
0.081744,1,0.087,0.087,0.15,0
0.081744,1,0.087333,0.087333,0.15,0
0.081744,1,0.087667,0.087667,0.15,0
0.081744,1,0.088,0.088,0.15,0
0.081744,1,0.088333,0.088333,0.15,0
0.081744,1,0.088667,0.088667,0.15,0
0.081744,1,0.089,0.089,0.15,0
0.081744,1,0.089333,0.089333,0.15,0
0.081744,1,0.089667,0.089667,0.15,0
0.081744,1,0.09,0.09,0.15,0
0.081744,1,0.090333,0.090333,0.15,0
0.081744,1,0.090667,0.090667,0.15,0
0.081744,1,0.091,0.091,0.15,0
0.081744,1,0.091333,0.091333,0.15,0
0.081744,1,0.091667,0.091667,0.15,0
0.081744,1,0.092,0.092,0.15,0
0.081744,1,0.092333,0.092333,0.15,0
0.081744,1,0.092667,0.092667,0.15,0
0.081744,1,0.093,0.093,0.15,0
0.081744,1,0.093333,0.093333,0.15,0
0.081744,1,0.093667,0.093667,0.15,0
0.081744,1,0.094,0.094,0.15,0
0.081744,1,0.094333,0.094333,0.15,0
0.081744,1,0.094667,0.094667,0.15,0
0.081744,1,0.095,0.095,0.15,0
0.081744,1,0.095333,0.095333,0.15,0
0.081744,1,0.095667,0.095667,0.15,0
0.081744,1,0.096,0.096,0.15,0
0.081744,1,0.096333,0.096333,0.15,0
0.081744,1,0.096667,0.096667,0.15,0
0.081744,1,0.097,0.097,0.15,0
0.081744,1,0.097333,0.097333,0.15,0
0.081744,1,0.097667,0.097667,0.15,0
0.081744,1,0.098,0.098,0.15,0
0.081744,1,0.098333,0.098333,0.15,0
0.081744,1,0.098667,0.098667,0.15,0
0.081744,1,0.099,0.099,0.15,0
0.081744,1,0.099333,0.099333,0.15,0
0.081744,1,0.099667,0.099667,0.15,0
0.053991,1,0.1,0.1,0.15,0
0.053991,1,0.10033,0.10033,0.15,0
0.053991,1,0.10067,0.10067,0.15,0
0.053991,1,0.101,0.101,0.15,0
0.053991,1,0.10133,0.10133,0.15,0
0.053991,1,0.10167,0.10167,0.15,0
0.053991,1,0.102,0.102,0.15,0
0.053991,1,0.10233,0.10233,0.15,0
0.053991,1,0.10267,0.10267,0.15,0
0.053991,1,0.103,0.103,0.15,0
0.053991,1,0.10333,0.10333,0.15,0
0.053991,1,0.10367,0.10367,0.15,0
0.053991,1,0.104,0.104,0.15,0
0.053991,1,0.10433,0.10433,0.15,0
0.053991,1,0.10467,0.10467,0.15,0
0.053991,1,0.105,0.105,0.15,0
0.053991,1,0.10533,0.10533,0.15,0
0.053991,1,0.10567,0.10567,0.15,0
0.053991,1,0.106,0.106,0.15,0
0.053991,1,0.10633,0.10633,0.15,0
0.053991,1,0.10667,0.10667,0.15,0
0.053991,1,0.107,0.107,0.15,0
0.053991,1,0.10733,0.10733,0.15,0
0.053991,1,0.10767,0.10767,0.15,0
0.053991,1,0.108,0.108,0.15,0
0.053991,1,0.10833,0.10833,0.15,0
0.053991,1,0.10867,0.10867,0.15,0
0.053991,1,0.109,0.109,0.15,0
0.053991,1,0.10933,0.10933,0.15,0
0.053991,1,0.10967,0.10967,0.15,0
0.053991,1,0.11,0.11,0.15,0
0.053991,1,0.11033,0.11033,0.15,0
0.053991,1,0.11067,0.11067,0.15,0
0.053991,1,0.111,0.111,0.15,0
0.053991,1,0.11133,0.11133,0.15,0
0.053991,1,0.11167,0.11167,0.15,0
0.053991,1,0.112,0.112,0.15,0
0.053991,1,0.11233,0.11233,0.15,0
0.053991,1,0.11267,0.11267,0.15,0
0.053991,1,0.113,0.113,0.15,0
0.053991,1,0.11333,0.11333,0.15,0
0.053991,1,0.11367,0.11367,0.15,0
0.053991,1,0.114,0.114,0.15,0
0.053991,1,0.11433,0.11433,0.15,0
0.053991,1,0.11467,0.11467,0.15,0
0.053991,1,0.115,0.115,0.15,0
0.053991,1,0.11533,0.11533,0.15,0
0.053991,1,0.11567,0.11567,0.15,0
0.053991,1,0.116,0.116,0.15,0
0.053991,1,0.11633,0.11633,0.15,0
0.0099606,1,0.11667,0.11667,0.15,0
0.0011483,1,0.117,0.117,0.15,0
0.0011483,1,0.11733,0.11733,0.15,0
0.0011483,1,0.11767,0.11767,0.15,0
0.0011483,1,0.118,0.118,0.15,0
0.0011483,1,0.11833,0.11833,0.15,0
0.0011483,1,0.11867,0.11867,0.15,0
0.0011483,1,0.119,0.119,0.15,0
0.0011483,1,0.11933,0.11933,0.15,0
0.0011483,1,0.11967,0.11967,0.15,0
0.0011483,1,0.12,0.12,0.15,0
0.0011483,1,0.12033,0.12033,0.15,0
0.0011483,1,0.12067,0.12067,0.15,0
0.0011483,1,0.121,0.121,0.15,0
0.0011483,1,0.12133,0.12133,0.15,0
0.0011483,1,0.12167,0.12167,0.15,0
0.0011483,1,0.122,0.122,0.15,0
0.0011483,1,0.12233,0.12233,0.15,0
0.0011483,1,0.12267,0.12267,0.15,0
0.0011483,1,0.123,0.123,0.15,0
0.0011483,1,0.12333,0.12333,0.15,0
0.0011483,1,0.12367,0.12367,0.15,0
0.0011483,1,0.124,0.124,0.15,0
0.0011483,1,0.12433,0.12433,0.15,0
0.0011483,1,0.12467,0.12467,0.15,0
0.0011483,1,0.125,0.125,0.15,0
0.0011483,1,0.12533,0.12533,0.15,0
0.0011483,1,0.12567,0.12567,0.15,0
0.0011483,1,0.126,0.126,0.15,0
0.0011483,1,0.12633,0.12633,0.15,0
0.0011483,1,0.12667,0.12667,0.15,0
0.0011483,1,0.127,0.127,0.15,0
0.0011483,1,0.12733,0.12733,0.15,0
0.0011483,1,0.12767,0.12767,0.15,0
0.0011483,1,0.128,0.128,0.15,0
0.0011483,1,0.12833,0.12833,0.15,0
0.0011483,1,0.12867,0.12867,0.15,0
0.0011483,1,0.129,0.129,0.15,0
0.0011483,1,0.12933,0.12933,0.15,0
0.0011483,1,0.12967,0.12967,0.15,0
0.0011483,1,0.13,0.13,0.15,0
0.0011483,1,0.13033,0.13033,0.15,0
0.0011483,1,0.13067,0.13067,0.15,0
0.0011483,1,0.131,0.131,0.15,0
0.0011483,1,0.13133,0.13133,0.15,0
0.0011483,1,0.13167,0.13167,0.15,0
0.0011483,1,0.132,0.132,0.15,0
0.0011483,1,0.13233,0.13233,0.15,0
0.0011483,1,0.13267,0.13267,0.15,0
0.0011483,1,0.133,0.133,0.15,0
-0.021283,1,0.13333,0.13333,0.15,0
-0.021283,1,0.13367,0.13367,0.15,0
-0.021283,1,0.134,0.134,0.15,0
-0.021283,1,0.13433,0.13433,0.15,0
-0.021283,1,0.13467,0.13467,0.15,0
-0.021283,1,0.135,0.135,0.15,0
-0.021283,1,0.13533,0.13533,0.15,0
-0.021283,1,0.13567,0.13567,0.15,0
-0.021283,1,0.136,0.136,0.15,0
-0.021283,1,0.13633,0.13633,0.15,0
-0.021283,1,0.13667,0.13667,0.15,0
-0.021283,1,0.137,0.137,0.15,0
-0.021283,1,0.13733,0.13733,0.15,0
-0.021283,1,0.13767,0.13767,0.15,0
-0.021283,1,0.138,0.138,0.15,0
-0.021283,1,0.13833,0.13833,0.15,0
-0.021283,1,0.13867,0.13867,0.15,0
-0.021283,1,0.139,0.139,0.15,0
-0.021283,1,0.13933,0.13933,0.15,0
-0.021283,1,0.13967,0.13967,0.15,0
-0.021283,1,0.14,0.14,0.15,0
-0.021283,1,0.14033,0.14033,0.15,0
-0.021283,1,0.14067,0.14067,0.15,0
-0.021283,1,0.141,0.141,0.15,0
-0.021283,1,0.14133,0.14133,0.15,0
-0.021283,1,0.14167,0.14167,0.15,0
-0.021283,1,0.142,0.142,0.15,0
-0.021283,1,0.14233,0.14233,0.15,0
-0.021283,1,0.14267,0.14267,0.15,0
-0.021283,1,0.143,0.143,0.15,0
-0.021283,1,0.14333,0.14333,0.15,0
-0.021283,1,0.14367,0.14367,0.15,0
-0.021283,1,0.144,0.144,0.15,0
-0.021283,1,0.14433,0.14433,0.15,0
-0.021283,1,0.14467,0.14467,0.15,0
-0.021283,1,0.145,0.145,0.15,0
-0.021283,1,0.14533,0.14533,0.15,0
-0.021283,1,0.14567,0.14567,0.15,0
-0.021283,1,0.146,0.146,0.15,0
-0.021283,1,0.14633,0.14633,0.15,0
-0.021283,1,0.14667,0.14667,0.15,0
-0.021283,1,0.147,0.147,0.15,0
-0.021283,1,0.14733,0.14733,0.15,0
-0.021283,1,0.14767,0.14767,0.15,0
-0.021283,1,0.148,0.148,0.15,0
-0.021283,1,0.14833,0.14833,0.15,0
-0.021283,1,0.14867,0.14867,0.15,0
-0.021283,1,0.149,0.149,0.15,0
-0.021283,1,0.14933,0.14933,0.15,0
-0.021283,1,0.14967,0.14967,0.15,0
-0.048903,1,0.15,0.15,0.15,0
-0.049283,1,0.15033,0.15033,0.15,0
-0.049283,1,0.15067,0.15067,0.15,0
-0.049283,1,0.151,0.151,0.15,0
-0.049283,1,0.15133,0.15133,0.15,0
-0.049283,1,0.15167,0.15167,0.15,0
-0.049283,1,0.152,0.152,0.15,0
-0.049283,1,0.15233,0.15233,0.15,0
-0.049283,1,0.15267,0.15267,0.15,0
-0.049283,1,0.153,0.153,0.15,0
-0.049283,1,0.15333,0.15333,0.15,0
-0.049283,1,0.15367,0.15367,0.15,0
-0.049283,1,0.154,0.154,0.15,0
-0.049283,1,0.15433,0.15433,0.15,0
-0.049283,1,0.15467,0.15467,0.15,0
-0.049283,1,0.155,0.155,0.15,0
-0.049283,1,0.15533,0.15533,0.15,0
-0.049283,1,0.15567,0.15567,0.15,0
-0.049283,1,0.156,0.156,0.15,0
-0.049283,1,0.15633,0.15633,0.15,0
-0.049283,1,0.15667,0.15667,0.15,0
-0.049283,1,0.157,0.157,0.15,0
-0.049283,1,0.15733,0.15733,0.15,0
-0.049283,1,0.15767,0.15767,0.15,0
-0.049283,1,0.158,0.158,0.15,0
-0.049283,1,0.15833,0.15833,0.15,0
-0.049283,1,0.15867,0.15867,0.15,0
-0.049283,1,0.159,0.159,0.15,0
-0.049283,1,0.15933,0.15933,0.15,0
-0.049283,1,0.15967,0.15967,0.15,0
-0.049283,1,0.16,0.16,0.15,0
-0.049283,1,0.16033,0.16033,0.15,0
-0.049283,1,0.16067,0.16067,0.15,0
-0.049283,1,0.161,0.161,0.15,0
-0.049283,1,0.16133,0.16133,0.15,0
-0.049283,1,0.16167,0.16167,0.15,0
-0.049283,1,0.162,0.162,0.15,0
-0.049283,1,0.16233,0.16233,0.15,0
-0.049283,1,0.16267,0.16267,0.15,0
-0.049283,1,0.163,0.163,0.15,0
-0.049283,1,0.16333,0.16333,0.15,0
-0.049283,1,0.16367,0.16367,0.15,0
-0.049283,1,0.164,0.164,0.15,0
-0.049283,1,0.16433,0.16433,0.15,0
-0.049283,1,0.16467,0.16467,0.15,0
-0.049283,1,0.165,0.165,0.15,0
-0.049283,1,0.16533,0.16533,0.15,0
-0.049283,1,0.16567,0.16567,0.15,0
-0.049283,1,0.166,0.166,0.15,0
-0.049283,1,0.16633,0.16633,0.15,0
-0.057738,1,0.16667,0.16667,0.15,0
-0.057738,1,0.167,0.167,0.15,0
-0.057738,1,0.16733,0.16733,0.15,0
-0.057738,1,0.16767,0.16767,0.15,0
-0.057738,1,0.168,0.168,0.15,0
-0.057738,1,0.16833,0.16833,0.15,0
-0.057738,1,0.16867,0.16867,0.15,0
-0.057738,1,0.169,0.169,0.15,0
-0.057738,1,0.16933,0.16933,0.15,0
-0.057738,1,0.16967,0.16967,0.15,0
-0.057738,1,0.17,0.17,0.15,0
-0.057738,1,0.17033,0.17033,0.15,0
-0.057738,1,0.17067,0.17067,0.15,0
-0.057738,1,0.171,0.171,0.15,0
-0.057738,1,0.17133,0.17133,0.15,0
-0.057738,1,0.17167,0.17167,0.15,0
-0.057738,1,0.172,0.172,0.15,0
-0.057738,1,0.17233,0.17233,0.15,0
-0.057738,1,0.17267,0.17267,0.15,0
-0.057738,1,0.173,0.173,0.15,0
-0.057738,1,0.17333,0.17333,0.15,0
-0.057738,1,0.17367,0.17367,0.15,0
-0.057738,1,0.174,0.174,0.15,0
-0.057738,1,0.17433,0.17433,0.15,0
-0.057738,1,0.17467,0.17467,0.15,0
-0.057738,1,0.175,0.175,0.15,0
-0.057738,1,0.17533,0.17533,0.15,0
-0.057738,1,0.17567,0.17567,0.15,0
-0.057738,1,0.176,0.176,0.15,0
-0.057738,1,0.17633,0.17633,0.15,0
-0.057738,1,0.17667,0.17667,0.15,0
-0.057738,1,0.177,0.177,0.15,0
-0.057738,1,0.17733,0.17733,0.15,0
-0.057738,1,0.17767,0.17767,0.15,0
-0.057738,1,0.178,0.178,0.15,0
-0.057738,1,0.17833,0.17833,0.15,0
-0.057738,1,0.17867,0.17867,0.15,0
-0.057738,1,0.179,0.179,0.15,0
-0.057738,1,0.17933,0.17933,0.15,0
-0.057738,1,0.17967,0.17967,0.15,0
-0.057738,1,0.18,0.18,0.15,0
-0.057738,1,0.18033,0.18033,0.15,0
-0.057738,1,0.18067,0.18067,0.15,0
-0.057738,1,0.181,0.181,0.15,0
-0.057738,1,0.18133,0.18133,0.15,0
-0.057738,1,0.18167,0.18167,0.15,0
-0.057738,1,0.182,0.182,0.15,0
-0.057738,1,0.18233,0.18233,0.15,0
-0.057738,1,0.18267,0.18267,0.15,0
-0.057738,1,0.183,0.183,0.15,0
-0.078651,1,0.18333,0.18333,0.15,0
-0.080058,1,0.18367,0.18367,0.15,0
-0.080058,1,0.184,0.184,0.15,0
-0.080058,1,0.18433,0.18433,0.15,0
-0.080058,1,0.18467,0.18467,0.15,0
-0.080058,1,0.185,0.185,0.15,0
-0.080058,1,0.18533,0.18533,0.15,0
-0.080058,1,0.18567,0.18567,0.15,0
-0.080058,1,0.186,0.186,0.15,0
-0.080058,1,0.18633,0.18633,0.15,0
-0.080058,1,0.18667,0.18667,0.15,0
-0.080058,1,0.187,0.187,0.15,0
-0.080058,1,0.18733,0.18733,0.15,0
-0.080058,1,0.18767,0.18767,0.15,0
-0.080058,1,0.188,0.188,0.15,0
-0.080058,1,0.18833,0.18833,0.15,0
-0.080058,1,0.18867,0.18867,0.15,0
-0.080058,1,0.189,0.189,0.15,0
-0.080058,1,0.18933,0.18933,0.15,0
-0.080058,1,0.18967,0.18967,0.15,0
-0.080058,1,0.19,0.19,0.15,0
-0.080058,1,0.19033,0.19033,0.15,0
-0.080058,1,0.19067,0.19067,0.15,0
-0.080058,1,0.191,0.191,0.15,0
-0.080058,1,0.19133,0.19133,0.15,0
-0.080058,1,0.19167,0.19167,0.15,0
-0.080058,1,0.192,0.192,0.15,0
-0.080058,1,0.19233,0.19233,0.15,0
-0.080058,1,0.19267,0.19267,0.15,0
-0.080058,1,0.193,0.193,0.15,0
-0.080058,1,0.19333,0.19333,0.15,0
-0.080058,1,0.19367,0.19367,0.15,0
-0.080058,1,0.194,0.194,0.15,0
-0.080058,1,0.19433,0.19433,0.15,0
-0.080058,1,0.19467,0.19467,0.15,0
-0.080058,1,0.195,0.195,0.15,0
-0.080058,1,0.19533,0.19533,0.15,0
-0.080058,1,0.19567,0.19567,0.15,0
-0.080058,1,0.196,0.196,0.15,0
-0.080058,1,0.19633,0.19633,0.15,0
-0.080058,1,0.19667,0.19667,0.15,0
-0.080058,1,0.197,0.197,0.15,0
-0.080058,1,0.19733,0.19733,0.15,0
-0.080058,1,0.19767,0.19767,0.15,0
-0.080058,1,0.198,0.198,0.15,0
-0.080058,1,0.19833,0.19833,0.15,0
-0.080058,1,0.19867,0.19867,0.15,0
-0.080058,1,0.199,0.199,0.15,0
-0.080058,1,0.19933,0.19933,0.15,0
-0.080058,1,0.19967,0.19967,0.15,0
-0.088044,1,0.2,0.2,0.15,0
-0.088044,1,0.20033,0.20033,0.15,0
-0.088044,1,0.20067,0.20067,0.15,0
-0.088044,1,0.201,0.201,0.15,0
-0.088044,1,0.20133,0.20133,0.15,0
-0.088044,1,0.20167,0.20167,0.15,0
-0.088044,1,0.202,0.202,0.15,0
-0.088044,1,0.20233,0.20233,0.15,0
-0.088044,1,0.20267,0.20267,0.15,0
-0.088044,1,0.203,0.203,0.15,0
-0.088044,1,0.20333,0.20333,0.15,0
-0.088044,1,0.20367,0.20367,0.15,0
-0.088044,1,0.204,0.204,0.15,0
-0.088044,1,0.20433,0.20433,0.15,0
-0.088044,1,0.20467,0.20467,0.15,0
-0.088044,1,0.205,0.205,0.15,0
-0.088044,1,0.20533,0.20533,0.15,0
-0.088044,1,0.20567,0.20567,0.15,0
-0.088044,1,0.206,0.206,0.15,0
-0.088044,1,0.20633,0.20633,0.15,0
-0.088044,1,0.20667,0.20667,0.15,0
-0.088044,1,0.207,0.207,0.15,0
-0.088044,1,0.20733,0.20733,0.15,0
-0.088044,1,0.20767,0.20767,0.15,0
-0.088044,1,0.208,0.208,0.15,0
-0.088044,1,0.20833,0.20833,0.15,0
-0.088044,1,0.20867,0.20867,0.15,0
-0.088044,1,0.209,0.209,0.15,0
-0.088044,1,0.20933,0.20933,0.15,0
-0.088044,1,0.20967,0.20967,0.15,0
-0.088044,1,0.21,0.21,0.15,0
-0.088044,1,0.21033,0.21033,0.15,0
-0.088044,1,0.21067,0.21067,0.15,0
-0.088044,1,0.211,0.211,0.15,0
-0.088044,1,0.21133,0.21133,0.15,0
-0.088044,1,0.21167,0.21167,0.15,0
-0.088044,1,0.212,0.212,0.15,0
-0.088044,1,0.21233,0.21233,0.15,0
-0.088044,1,0.21267,0.21267,0.15,0
-0.088044,1,0.213,0.213,0.15,0
-0.088044,1,0.21333,0.21333,0.15,0
-0.088044,1,0.21367,0.21367,0.15,0
-0.088044,1,0.214,0.214,0.15,0
-0.088044,1,0.21433,0.21433,0.15,0
-0.088044,1,0.21467,0.21467,0.15,0
-0.088044,1,0.215,0.215,0.15,0
-0.088044,1,0.21533,0.21533,0.15,0
-0.088044,1,0.21567,0.21567,0.15,0
-0.088044,1,0.216,0.216,0.15,0
-0.088044,1,0.21633,0.21633,0.15,0
-0.095186,1,0.21667,0.21667,0.15,0
-0.093034,1,0.217,0.217,0.15,0
-0.093034,1,0.21733,0.21733,0.15,0
-0.093034,1,0.21767,0.21767,0.15,0
-0.093034,1,0.218,0.218,0.15,0
-0.093034,1,0.21833,0.21833,0.15,0
-0.093034,1,0.21867,0.21867,0.15,0
-0.093034,1,0.219,0.219,0.15,0
-0.093034,1,0.21933,0.21933,0.15,0
-0.093034,1,0.21967,0.21967,0.15,0
-0.093034,1,0.22,0.22,0.15,0
-0.093034,1,0.22033,0.22033,0.15,0
-0.093034,1,0.22067,0.22067,0.15,0
-0.093034,1,0.221,0.221,0.15,0
-0.093034,1,0.22133,0.22133,0.15,0
-0.093034,1,0.22167,0.22167,0.15,0
-0.093034,1,0.222,0.222,0.15,0
-0.093034,1,0.22233,0.22233,0.15,0
-0.093034,1,0.22267,0.22267,0.15,0
-0.093034,1,0.223,0.223,0.15,0
-0.093034,1,0.22333,0.22333,0.15,0
-0.093034,1,0.22367,0.22367,0.15,0
-0.093034,1,0.224,0.224,0.15,0
-0.093034,1,0.22433,0.22433,0.15,0
-0.093034,1,0.22467,0.22467,0.15,0
-0.093034,1,0.225,0.225,0.15,0
-0.093034,1,0.22533,0.22533,0.15,0
-0.093034,1,0.22567,0.22567,0.15,0
-0.093034,1,0.226,0.226,0.15,0
-0.093034,1,0.22633,0.22633,0.15,0
-0.093034,1,0.22667,0.22667,0.15,0
-0.093034,1,0.227,0.227,0.15,0
-0.093034,1,0.22733,0.22733,0.15,0
-0.093034,1,0.22767,0.22767,0.15,0
-0.093034,1,0.228,0.228,0.15,0
-0.093034,1,0.22833,0.22833,0.15,0
-0.093034,1,0.22867,0.22867,0.15,0
-0.093034,1,0.229,0.229,0.15,0
-0.093034,1,0.22933,0.22933,0.15,0
-0.093034,1,0.22967,0.22967,0.15,0
-0.093034,1,0.23,0.23,0.15,0
-0.093034,1,0.23033,0.23033,0.15,0
-0.093034,1,0.23067,0.23067,0.15,0
-0.093034,1,0.231,0.231,0.15,0
-0.093034,1,0.23133,0.23133,0.15,0
-0.093034,1,0.23167,0.23167,0.15,0
-0.093034,1,0.232,0.232,0.15,0
-0.093034,1,0.23233,0.23233,0.15,0
-0.093034,1,0.23267,0.23267,0.15,0
-0.093034,1,0.233,0.233,0.15,0
-0.092593,1,0.23333,0.23333,0.15,0
-0.092593,1,0.23367,0.23367,0.15,0
-0.092593,1,0.234,0.234,0.15,0
-0.092593,1,0.23433,0.23433,0.15,0
-0.092593,1,0.23467,0.23467,0.15,0
-0.092593,1,0.235,0.235,0.15,0
-0.092593,1,0.23533,0.23533,0.15,0
-0.092593,1,0.23567,0.23567,0.15,0
-0.092593,1,0.236,0.236,0.15,0
-0.092593,1,0.23633,0.23633,0.15,0
-0.092593,1,0.23667,0.23667,0.15,0
-0.092593,1,0.237,0.237,0.15,0
-0.092593,1,0.23733,0.23733,0.15,0
-0.092593,1,0.23767,0.23767,0.15,0
-0.092593,1,0.238,0.238,0.15,0
-0.092593,1,0.23833,0.23833,0.15,0
-0.092593,1,0.23867,0.23867,0.15,0
-0.092593,1,0.239,0.239,0.15,0
-0.092593,1,0.23933,0.23933,0.15,0
-0.092593,1,0.23967,0.23967,0.15,0
-0.092593,1,0.24,0.24,0.15,0
-0.092593,1,0.24033,0.24033,0.15,0
-0.092593,1,0.24067,0.24067,0.15,0
-0.092593,1,0.241,0.241,0.15,0
-0.092593,1,0.24133,0.24133,0.15,0
-0.092593,1,0.24167,0.24167,0.15,0
-0.092593,1,0.242,0.242,0.15,0
-0.092593,1,0.24233,0.24233,0.15,0
-0.092593,1,0.24267,0.24267,0.15,0
-0.092593,1,0.243,0.243,0.15,0
-0.092593,1,0.24333,0.24333,0.15,0
-0.092593,1,0.24367,0.24367,0.15,0
-0.092593,1,0.244,0.244,0.15,0
-0.092593,1,0.24433,0.24433,0.15,0
-0.092593,1,0.24467,0.24467,0.15,0
-0.092593,1,0.245,0.245,0.15,0
-0.092593,1,0.24533,0.24533,0.15,0
-0.092593,1,0.24567,0.24567,0.15,0
-0.092593,1,0.246,0.246,0.15,0
-0.092593,1,0.24633,0.24633,0.15,0
-0.092593,1,0.24667,0.24667,0.15,0
-0.092593,1,0.247,0.247,0.15,0
-0.092593,1,0.24733,0.24733,0.15,0
-0.092593,1,0.24767,0.24767,0.15,0
-0.092593,1,0.248,0.248,0.15,0
-0.092593,1,0.24833,0.24833,0.15,0
-0.092593,1,0.24867,0.24867,0.15,0
-0.092593,1,0.249,0.249,0.15,0
-0.092593,1,0.24933,0.24933,0.15,0
-0.092593,1,0.24967,0.24967,0.15,0
-0.090092,1,0.25,0.25,0.15,0
-0.090088,1,0.25033,0.25033,0.15,0
-0.090088,1,0.25067,0.25067,0.15,0
-0.090088,1,0.251,0.251,0.15,0
-0.090088,1,0.25133,0.25133,0.15,0
-0.090088,1,0.25167,0.25167,0.15,0
-0.090088,1,0.252,0.252,0.15,0
-0.090088,1,0.25233,0.25233,0.15,0
-0.090088,1,0.25267,0.25267,0.15,0
-0.090088,1,0.253,0.253,0.15,0
-0.090088,1,0.25333,0.25333,0.15,0
-0.090088,1,0.25367,0.25367,0.15,0
-0.090088,1,0.254,0.254,0.15,0
-0.090088,1,0.25433,0.25433,0.15,0
-0.090088,1,0.25467,0.25467,0.15,0
-0.090088,1,0.255,0.255,0.15,0
-0.090088,1,0.25533,0.25533,0.15,0
-0.090088,1,0.25567,0.25567,0.15,0
-0.090088,1,0.256,0.256,0.15,0
-0.090088,1,0.25633,0.25633,0.15,0
-0.090088,1,0.25667,0.25667,0.15,0
-0.090088,1,0.257,0.257,0.15,0
-0.090088,1,0.25733,0.25733,0.15,0
-0.090088,1,0.25767,0.25767,0.15,0
-0.090088,1,0.258,0.258,0.15,0
-0.090088,1,0.25833,0.25833,0.15,0
-0.090088,1,0.25867,0.25867,0.15,0
-0.090088,1,0.259,0.259,0.15,0
-0.090088,1,0.25933,0.25933,0.15,0
-0.090088,1,0.25967,0.25967,0.15,0
-0.090088,1,0.26,0.26,0.15,0
-0.090088,1,0.26033,0.26033,0.15,0
-0.090088,1,0.26067,0.26067,0.15,0
-0.090088,1,0.261,0.261,0.15,0
-0.090088,1,0.26133,0.26133,0.15,0
-0.090088,1,0.26167,0.26167,0.15,0
-0.090088,1,0.262,0.262,0.15,0
-0.090088,1,0.26233,0.26233,0.15,0
-0.090088,1,0.26267,0.26267,0.15,0
-0.090088,1,0.263,0.263,0.15,0
-0.090088,1,0.26333,0.26333,0.15,0
-0.090088,1,0.26367,0.26367,0.15,0
-0.090088,1,0.264,0.264,0.15,0
-0.090088,1,0.26433,0.26433,0.15,0
-0.090088,1,0.26467,0.26467,0.15,0
-0.090088,1,0.265,0.265,0.15,0
-0.090088,1,0.26533,0.26533,0.15,0
-0.090088,1,0.26567,0.26567,0.15,0
-0.090088,1,0.266,0.266,0.15,0
-0.090088,1,0.26633,0.26633,0.15,0
-0.090091,1,0.26667,0.26667,0.15,0
-0.090091,1,0.267,0.267,0.15,0
-0.090091,1,0.26733,0.26733,0.15,0
-0.090091,1,0.26767,0.26767,0.15,0
-0.090091,1,0.268,0.268,0.15,0
-0.090091,1,0.26833,0.26833,0.15,0
-0.090091,1,0.26867,0.26867,0.15,0
-0.090091,1,0.269,0.269,0.15,0
-0.090091,1,0.26933,0.26933,0.15,0
-0.090091,1,0.26967,0.26967,0.15,0
-0.090091,1,0.27,0.27,0.15,0
-0.090091,1,0.27033,0.27033,0.15,0
-0.090091,1,0.27067,0.27067,0.15,0
-0.090091,1,0.271,0.271,0.15,0
-0.090091,1,0.27133,0.27133,0.15,0
-0.090091,1,0.27167,0.27167,0.15,0
-0.090091,1,0.272,0.272,0.15,0
-0.090091,1,0.27233,0.27233,0.15,0
-0.090091,1,0.27267,0.27267,0.15,0
-0.090091,1,0.273,0.273,0.15,0
-0.090091,1,0.27333,0.27333,0.15,0
-0.090091,1,0.27367,0.27367,0.15,0
-0.090091,1,0.274,0.274,0.15,0
-0.090091,1,0.27433,0.27433,0.15,0
-0.090091,1,0.27467,0.27467,0.15,0
-0.090091,1,0.275,0.275,0.15,0
-0.090091,1,0.27533,0.27533,0.15,0
-0.090091,1,0.27567,0.27567,0.15,0
-0.090091,1,0.276,0.276,0.15,0
-0.090091,1,0.27633,0.27633,0.15,0
-0.090091,1,0.27667,0.27667,0.15,0
-0.090091,1,0.277,0.277,0.15,0
-0.090091,1,0.27733,0.27733,0.15,0
-0.090091,1,0.27767,0.27767,0.15,0
-0.090091,1,0.278,0.278,0.15,0
-0.090091,1,0.27833,0.27833,0.15,0
-0.090091,1,0.27867,0.27867,0.15,0
-0.090091,1,0.279,0.279,0.15,0
-0.090091,1,0.27933,0.27933,0.15,0
-0.090091,1,0.27967,0.27967,0.15,0
-0.090091,1,0.28,0.28,0.15,0
-0.090091,1,0.28033,0.28033,0.15,0
-0.090091,1,0.28067,0.28067,0.15,0
-0.090091,1,0.281,0.281,0.15,0
-0.090091,1,0.28133,0.28133,0.15,0
-0.090091,1,0.28167,0.28167,0.15,0
-0.090091,1,0.282,0.282,0.15,0
-0.090091,1,0.28233,0.28233,0.15,0
-0.090091,1,0.28267,0.28267,0.15,0
-0.090091,1,0.283,0.283,0.15,0
-0.090094,1,0.28333,0.28333,0.15,0
-0.090098,1,0.28367,0.28367,0.15,0
-0.090098,1,0.284,0.284,0.15,0
-0.090098,1,0.28433,0.28433,0.15,0
-0.090098,1,0.28467,0.28467,0.15,0
-0.090098,1,0.285,0.285,0.15,0
-0.090098,1,0.28533,0.28533,0.15,0
-0.090098,1,0.28567,0.28567,0.15,0
-0.090098,1,0.286,0.286,0.15,0
-0.090098,1,0.28633,0.28633,0.15,0
-0.090098,1,0.28667,0.28667,0.15,0
-0.090098,1,0.287,0.287,0.15,0
-0.090098,1,0.28733,0.28733,0.15,0
-0.090098,1,0.28767,0.28767,0.15,0
-0.090098,1,0.288,0.288,0.15,0
-0.090098,1,0.28833,0.28833,0.15,0
-0.090098,1,0.28867,0.28867,0.15,0
-0.090098,1,0.289,0.289,0.15,0
-0.090098,1,0.28933,0.28933,0.15,0
-0.090098,1,0.28967,0.28967,0.15,0
-0.090098,1,0.29,0.29,0.15,0
-0.090098,1,0.29033,0.29033,0.15,0
-0.090098,1,0.29067,0.29067,0.15,0
-0.090098,1,0.291,0.291,0.15,0
-0.090098,1,0.29133,0.29133,0.15,0
-0.090098,1,0.29167,0.29167,0.15,0
-0.090098,1,0.292,0.292,0.15,0
-0.090098,1,0.29233,0.29233,0.15,0
-0.090098,1,0.29267,0.29267,0.15,0
-0.090098,1,0.293,0.293,0.15,0
-0.090098,1,0.29333,0.29333,0.15,0
-0.090098,1,0.29367,0.29367,0.15,0
-0.090098,1,0.294,0.294,0.15,0
-0.090098,1,0.29433,0.29433,0.15,0
-0.090098,1,0.29467,0.29467,0.15,0
-0.090098,1,0.295,0.295,0.15,0
-0.090098,1,0.29533,0.29533,0.15,0
-0.090098,1,0.29567,0.29567,0.15,0
-0.090098,1,0.296,0.296,0.15,0
-0.090098,1,0.29633,0.29633,0.15,0
-0.090098,1,0.29667,0.29667,0.15,0
-0.090098,1,0.297,0.297,0.15,0
-0.090098,1,0.29733,0.29733,0.15,0
-0.090098,1,0.29767,0.29767,0.15,0
-0.090098,1,0.298,0.298,0.15,0
-0.090098,1,0.29833,0.29833,0.15,0
-0.090098,1,0.29867,0.29867,0.15,0
-0.090098,1,0.299,0.299,0.15,0
-0.090098,1,0.29933,0.29933,0.15,0
-0.090098,1,0.29967,0.29967,0.15,0
-0.090103,1,0.3,0.3,0.15,0
-0.090103,1,0.30033,0.30033,0.15,0
-0.090103,1,0.30067,0.30067,0.15,0
-0.090103,1,0.301,0.301,0.15,0
-0.090103,1,0.30133,0.30133,0.15,0
-0.090103,1,0.30167,0.30167,0.15,0
-0.090103,1,0.302,0.302,0.15,0
-0.090103,1,0.30233,0.30233,0.15,0
-0.090103,1,0.30267,0.30267,0.15,0
-0.090103,1,0.303,0.303,0.15,0
-0.090103,1,0.30333,0.30333,0.15,0
-0.090103,1,0.30367,0.30367,0.15,0
-0.090103,1,0.304,0.304,0.15,0
-0.090103,1,0.30433,0.30433,0.15,0
-0.090103,1,0.30467,0.30467,0.15,0
-0.090103,1,0.305,0.305,0.15,0
-0.090103,1,0.30533,0.30533,0.15,0
-0.090103,1,0.30567,0.30567,0.15,0
-0.090103,1,0.306,0.306,0.15,0
-0.090103,1,0.30633,0.30633,0.15,0
-0.090103,1,0.30667,0.30667,0.15,0
-0.090103,1,0.307,0.307,0.15,0
-0.090103,1,0.30733,0.30733,0.15,0
-0.090103,1,0.30767,0.30767,0.15,0
-0.090103,1,0.308,0.308,0.15,0
-0.090103,1,0.30833,0.30833,0.15,0
-0.090103,1,0.30867,0.30867,0.15,0
-0.090103,1,0.309,0.309,0.15,0
-0.090103,1,0.30933,0.30933,0.15,0
-0.090103,1,0.30967,0.30967,0.15,0
-0.090103,1,0.31,0.31,0.15,0
-0.090103,1,0.31033,0.31033,0.15,0
-0.090103,1,0.31067,0.31067,0.15,0
-0.090103,1,0.311,0.311,0.15,0
-0.090103,1,0.31133,0.31133,0.15,0
-0.090103,1,0.31167,0.31167,0.15,0
-0.090103,1,0.312,0.312,0.15,0
-0.090103,1,0.31233,0.31233,0.15,0
-0.090103,1,0.31267,0.31267,0.15,0
-0.090103,1,0.313,0.313,0.15,0
-0.090103,1,0.31333,0.31333,0.15,0
-0.090103,1,0.31367,0.31367,0.15,0
-0.090103,1,0.314,0.314,0.15,0
-0.090103,1,0.31433,0.31433,0.15,0
-0.090103,1,0.31467,0.31467,0.15,0
-0.090103,1,0.315,0.315,0.15,0
-0.090103,1,0.31533,0.31533,0.15,0
-0.090103,1,0.31567,0.31567,0.15,0
-0.090103,1,0.316,0.316,0.15,0
-0.090103,1,0.31633,0.31633,0.15,0
-0.090107,1,0.31667,0.31667,0.15,0
-0.090112,1,0.317,0.317,0.15,0
-0.090112,1,0.31733,0.31733,0.15,0
-0.090112,1,0.31767,0.31767,0.15,0
-0.090112,1,0.318,0.318,0.15,0
-0.090112,1,0.31833,0.31833,0.15,0
-0.090112,1,0.31867,0.31867,0.15,0
-0.090112,1,0.319,0.319,0.15,0
-0.090112,1,0.31933,0.31933,0.15,0
-0.090112,1,0.31967,0.31967,0.15,0
-0.090112,1,0.32,0.32,0.15,0
-0.090112,1,0.32033,0.32033,0.15,0
-0.090112,1,0.32067,0.32067,0.15,0
-0.090112,1,0.321,0.321,0.15,0
-0.090112,1,0.32133,0.32133,0.15,0
-0.090112,1,0.32167,0.32167,0.15,0
-0.090112,1,0.322,0.322,0.15,0
-0.090112,1,0.32233,0.32233,0.15,0
-0.090112,1,0.32267,0.32267,0.15,0
-0.090112,1,0.323,0.323,0.15,0
-0.090112,1,0.32333,0.32333,0.15,0
-0.090112,1,0.32367,0.32367,0.15,0
-0.090112,1,0.324,0.324,0.15,0
-0.090112,1,0.32433,0.32433,0.15,0
-0.090112,1,0.32467,0.32467,0.15,0
-0.090112,1,0.325,0.325,0.15,0
-0.090112,1,0.32533,0.32533,0.15,0
-0.090112,1,0.32567,0.32567,0.15,0
-0.090112,1,0.326,0.326,0.15,0
-0.090112,1,0.32633,0.32633,0.15,0
-0.090112,1,0.32667,0.32667,0.15,0
-0.090112,1,0.327,0.327,0.15,0
-0.090112,1,0.32733,0.32733,0.15,0
-0.090112,1,0.32767,0.32767,0.15,0
-0.090112,1,0.328,0.328,0.15,0
-0.090112,1,0.32833,0.32833,0.15,0
-0.090112,1,0.32867,0.32867,0.15,0
-0.090112,1,0.329,0.329,0.15,0
-0.090112,1,0.32933,0.32933,0.15,0
-0.090112,1,0.32967,0.32967,0.15,0
-0.090112,1,0.33,0.33,0.15,0
-0.090112,1,0.33033,0.33033,0.15,0
-0.090112,1,0.33067,0.33067,0.15,0
-0.090112,1,0.331,0.331,0.15,0
-0.090112,1,0.33133,0.33133,0.15,0
-0.090112,1,0.33167,0.33167,0.15,0
-0.090112,1,0.332,0.332,0.15,0
-0.090112,1,0.33233,0.33233,0.15,0
-0.090112,1,0.33267,0.33267,0.15,0
-0.090112,1,0.333,0.333,0.15,0
nan,0,0.33333,0.33333,0.15,0
